ram size
  1
     2
     3
     4
     5
     6
     7
     8
     9
    10
    11
    12
    13
    14
    15
    16
    17
    18
    19
    20
    21
    22
    23
    24
    25
    26
    27
    28
    29
    30
    31
    32
    33
    34
    35
    36
    37
    38
    39
    40
    41
    42
    43
    44
    45
    46
    47
    48
    49
    50
    51
    52
    53
    54
    55
    56
    57
    58
    59
    60
    61
    62
    63
    64
    65
    66
    67
    68
    69
    70
    71
    72
    73
    74
    75
    76
    77
    78
    79
    80
    81
    82
    83
    84
    85
    86
    87
    88
    89
    90
    91
    92
    93
    94
    95
    96
    97
    98
    99
   100


DENSITY 3
   25.8750    2.5000    2.5000
   13.3750    2.5000    2.5000
    9.2083    2.5000    2.5000
    7.1250    2.5000    2.5000
    5.8750    2.5000    2.5000
    5.0417    2.5000    2.5000
    4.4464    2.5000    2.5000
    4.0000    2.5000    2.5000
    3.6528    2.5000    2.5000
    3.3750    2.5000    2.5000
    3.1477    2.5000    2.5000
    2.9583    2.5000    2.5000
    2.7981    2.5000    2.5000
    2.6607    2.5000    2.5000
    2.5417    2.5000    2.5000
    2.4375    2.5000    2.4375
    2.3456    2.5000    2.3456
    2.2639    2.5000    2.2639
    2.1908    2.5000    2.1908
    2.1250    2.5000    2.1250
    2.0655    2.5000    2.0655
    2.0114    2.5000    2.0114
    1.9620    2.5000    1.9620
    1.9167    2.5000    1.9167
    1.8750    2.5000    1.8750
    1.8365    2.5000    1.8365
    1.8009    2.5000    1.8009
    1.7679    2.5000    1.7679
    1.7371    2.5000    1.7371
    1.7083    2.5000    1.7083
    1.6815    2.5000    1.6815
    1.6562    2.5000    1.6562
    1.6326    2.5000    1.6326
    1.6103    2.5000    1.6103
    1.5893    2.5000    1.5893
    1.5694    2.5000    1.5694
    1.5507    2.5000    1.5507
    1.5329    2.5000    1.5329
    1.5160    2.5000    1.5160
    1.5000    2.5000    1.5000
    1.4848    2.5000    1.4848
    1.4702    2.5000    1.4702
    1.4564    2.5000    1.4564
    1.4432    2.5000    1.4432
    1.4306    2.5000    1.4306
    1.4185    2.5000    1.4185
    1.4069    2.5000    1.4069
    1.3958    2.5000    1.3958
    1.3852    2.5000    1.3852
    1.3750    2.5000    1.3750
    1.3652    2.5000    1.3652
    1.3558    2.5000    1.3558
    1.3467    2.5000    1.3467
    1.3380    2.5000    1.3380
    1.3295    2.5000    1.3295
    1.3214    2.5000    1.3214
    1.3136    2.5000    1.3136
    1.3060    2.5000    1.3060
    1.2987    2.5000    1.2987
    1.2917    2.5000    1.2917
    1.2848    2.5000    1.2848
    1.2782    2.5000    1.2782
    1.2718    2.5000    1.2718
    1.2656    2.5000    1.2656
    1.2596    2.5000    1.2596
    1.2538    2.5000    1.2538
    1.2481    2.5000    1.2481
    1.2426    2.5000    1.2426
    1.2373    2.5000    1.2373
    1.2321    2.5000    1.2321
    1.2271    2.5000    1.2271
    1.2222    2.5000    1.2222
    1.2175    2.5000    1.2175
    1.2128    2.5000    1.2128
    1.2083    2.5000    1.2083
    1.2039    2.5000    1.2039
    1.1997    2.5000    1.1997
    1.1955    2.5000    1.1955
    1.1915    2.5000    1.1915
    1.1875    2.5000    1.1875
    1.1836    2.5000    1.1836
    1.1799    2.5000    1.1799
    1.1762    2.5000    1.1762
    1.1726    2.5000    1.1726
    1.1691    2.5000    1.1691
    1.1657    2.5000    1.1657
    1.1624    2.5000    1.1624
    1.1591    2.5000    1.1591
    1.1559    2.5000    1.1559
    1.1528    2.5000    1.1528
    1.1497    2.5000    1.1497
    1.1467    2.5000    1.1467
    1.1438    2.5000    1.1438
    1.1410    2.5000    1.1410
    1.1382    2.5000    1.1382
    1.1354    2.5000    1.1354
    1.1327    2.5000    1.1327
    1.1301    2.5000    1.1301
    1.1275    2.5000    1.1275
    1.1250    2.5000    1.1250



DENSITY 5


17.5833    2.6667    2.6667
    9.2500    2.6667    2.6667
    6.4722    2.6667    2.6667
    5.0833    2.6667    2.6667
    4.2500    2.6667    2.6667
    3.6944    2.6667    2.6667
    3.2976    2.6667    2.6667
    3.0000    2.6667    2.6667
    2.7685    2.6667    2.6667
    2.5833    2.6667    2.5833
    2.4318    2.6667    2.4318
    2.3056    2.6667    2.3056
    2.1987    2.6667    2.1987
    2.1071    2.6667    2.1071
    2.0278    2.6667    2.0278
    1.9583    2.6667    1.9583
    1.8971    2.6667    1.8971
    1.8426    2.6667    1.8426
    1.7939    2.6667    1.7939
    1.7500    2.6667    1.7500
    1.7103    2.6667    1.7103
    1.6742    2.6667    1.6742
    1.6413    2.6667    1.6413
    1.6111    2.6667    1.6111
    1.5833    2.6667    1.5833
    1.5577    2.6667    1.5577
    1.5340    2.6667    1.5340
    1.5119    2.6667    1.5119
    1.4914    2.6667    1.4914
    1.4722    2.6667    1.4722
    1.4543    2.6667    1.4543
    1.4375    2.6667    1.4375
    1.4217    2.6667    1.4217
    1.4069    2.6667    1.4069
    1.3929    2.6667    1.3929
    1.3796    2.6667    1.3796
    1.3671    2.6667    1.3671
    1.3553    2.6667    1.3553
    1.3440    2.6667    1.3440
    1.3333    2.6667    1.3333
    1.3232    2.6667    1.3232
    1.3135    2.6667    1.3135
    1.3043    2.6667    1.3043
    1.2955    2.6667    1.2955
    1.2870    2.6667    1.2870
    1.2790    2.6667    1.2790
    1.2713    2.6667    1.2713
    1.2639    2.6667    1.2639
    1.2568    2.6667    1.2568
    1.2500    2.6667    1.2500
    1.2435    2.6667    1.2435
    1.2372    2.6667    1.2372
    1.2311    2.6667    1.2311
    1.2253    2.6667    1.2253
    1.2197    2.6667    1.2197
    1.2143    2.6667    1.2143
    1.2091    2.6667    1.2091
    1.2040    2.6667    1.2040
    1.1992    2.6667    1.1992
    1.1944    2.6667    1.1944
    1.1899    2.6667    1.1899
    1.1855    2.6667    1.1855
    1.1812    2.6667    1.1812
    1.1771    2.6667    1.1771
    1.1731    2.6667    1.1731
    1.1692    2.6667    1.1692
    1.1654    2.6667    1.1654
    1.1618    2.6667    1.1618
    1.1582    2.6667    1.1582
    1.1548    2.6667    1.1548
    1.1514    2.6667    1.1514
    1.1481    2.6667    1.1481
    1.1450    2.6667    1.1450
    1.1419    2.6667    1.1419
    1.1389    2.6667    1.1389
    1.1360    2.6667    1.1360
    1.1331    2.6667    1.1331
    1.1303    2.6667    1.1303
    1.1276    2.6667    1.1276
    1.1250    2.6667    1.1250
    1.1224    2.6667    1.1224
    1.1199    2.6667    1.1199
    1.1175    2.6667    1.1175
    1.1151    2.6667    1.1151
    1.1127    2.6667    1.1127
    1.1105    2.6667    1.1105
    1.1082    2.6667    1.1082
    1.1061    2.6667    1.1061
    1.1039    2.6667    1.1039
    1.1019    2.6667    1.1019
    1.0998    2.6667    1.0998
    1.0978    2.6667    1.0978
    1.0959    2.6667    1.0959
    1.0940    2.6667    1.0940
    1.0921    2.6667    1.0921
    1.0903    2.6667    1.0903
    1.0885    2.6667    1.0885
    1.0867    2.6667    1.0867
    1.0850    2.6667    1.0850
    1.0833    2.6667    1.0833

DENSITY 10

 10.0455    2.8182    2.8182
    5.5000    2.8182    2.8182
    3.9848    2.8182    2.8182
    3.2273    2.8182    2.8182
    2.7727    2.8182    2.7727
    2.4697    2.8182    2.4697
    2.2532    2.8182    2.2532
    2.0909    2.8182    2.0909
    1.9646    2.8182    1.9646
    1.8636    2.8182    1.8636
    1.7810    2.8182    1.7810
    1.7121    2.8182    1.7121
    1.6538    2.8182    1.6538
    1.6039    2.8182    1.6039
    1.5606    2.8182    1.5606
    1.5227    2.8182    1.5227
    1.4893    2.8182    1.4893
    1.4596    2.8182    1.4596
    1.4330    2.8182    1.4330
    1.4091    2.8182    1.4091
    1.3874    2.8182    1.3874
    1.3678    2.8182    1.3678
    1.3498    2.8182    1.3498
    1.3333    2.8182    1.3333
    1.3182    2.8182    1.3182
    1.3042    2.8182    1.3042
    1.2912    2.8182    1.2912
    1.2792    2.8182    1.2792
    1.2680    2.8182    1.2680
    1.2576    2.8182    1.2576
    1.2478    2.8182    1.2478
    1.2386    2.8182    1.2386
    1.2300    2.8182    1.2300
    1.2219    2.8182    1.2219
    1.2143    2.8182    1.2143
    1.2071    2.8182    1.2071
    1.2002    2.8182    1.2002
    1.1938    2.8182    1.1938
    1.1876    2.8182    1.1876
    1.1818    2.8182    1.1818
    1.1763    2.8182    1.1763
    1.1710    2.8182    1.1710
    1.1660    2.8182    1.1660
    1.1612    2.8182    1.1612
    1.1566    2.8182    1.1566
    1.1522    2.8182    1.1522
    1.1480    2.8182    1.1480
    1.1439    2.8182    1.1439
    1.1401    2.8182    1.1401
    1.1364    2.8182    1.1364
    1.1328    2.8182    1.1328
    1.1294    2.8182    1.1294
    1.1261    2.8182    1.1261
    1.1229    2.8182    1.1229
    1.1198    2.8182    1.1198
    1.1169    2.8182    1.1169
    1.1140    2.8182    1.1140
    1.1113    2.8182    1.1113
    1.1086    2.8182    1.1086
    1.1061    2.8182    1.1061
    1.1036    2.8182    1.1036
    1.1012    2.8182    1.1012
    1.0988    2.8182    1.0988
    1.0966    2.8182    1.0966
    1.0944    2.8182    1.0944
    1.0923    2.8182    1.0923
    1.0902    2.8182    1.0902
    1.0882    2.8182    1.0882
    1.0863    2.8182    1.0863
    1.0844    2.8182    1.0844
    1.0826    2.8182    1.0826
    1.0808    2.8182    1.0808
    1.0791    2.8182    1.0791
    1.0774    2.8182    1.0774
    1.0758    2.8182    1.0758
    1.0742    2.8182    1.0742
    1.0726    2.8182    1.0726
    1.0711    2.8182    1.0711
    1.0696    2.8182    1.0696
    1.0682    2.8182    1.0682
    1.0668    2.8182    1.0668
    1.0654    2.8182    1.0654
    1.0641    2.8182    1.0641
    1.0628    2.8182    1.0628
    1.0615    2.8182    1.0615
    1.0603    2.8182    1.0603
    1.0590    2.8182    1.0590
    1.0579    2.8182    1.0579
    1.0567    2.8182    1.0567
    1.0556    2.8182    1.0556
    1.0544    2.8182    1.0544
    1.0534    2.8182    1.0534
    1.0523    2.8182    1.0523
    1.0513    2.8182    1.0513
    1.0502    2.8182    1.0502
    1.0492    2.8182    1.0492
    1.0483    2.8182    1.0483
    1.0473    2.8182    1.0473
    1.0464    2.8182    1.0464
    1.0455    2.8182    1.0455

DENSITY 30
 4.2097    2.9355    2.9355
    2.5968    2.9355    2.5968
    2.0591    2.9355    2.0591
    1.7903    2.9355    1.7903
    1.6290    2.9355    1.6290
    1.5215    2.9355    1.5215
    1.4447    2.9355    1.4447
    1.3871    2.9355    1.3871
    1.3423    2.9355    1.3423
    1.3065    2.9355    1.3065
    1.2771    2.9355    1.2771
    1.2527    2.9355    1.2527
    1.2320    2.9355    1.2320
    1.2143    2.9355    1.2143
    1.1989    2.9355    1.1989
    1.1855    2.9355    1.1855
    1.1736    2.9355    1.1736
    1.1631    2.9355    1.1631
    1.1537    2.9355    1.1537
    1.1452    2.9355    1.1452
    1.1375    2.9355    1.1375
    1.1305    2.9355    1.1305
    1.1241    2.9355    1.1241
    1.1183    2.9355    1.1183
    1.1129    2.9355    1.1129
    1.1079    2.9355    1.1079
    1.1033    2.9355    1.1033
    1.0991    2.9355    1.0991
    1.0951    2.9355    1.0951
    1.0914    2.9355    1.0914
    1.0879    2.9355    1.0879
    1.0847    2.9355    1.0847
    1.0816    2.9355    1.0816
    1.0787    2.9355    1.0787
    1.0760    2.9355    1.0760
    1.0735    2.9355    1.0735
    1.0711    2.9355    1.0711
    1.0688    2.9355    1.0688
    1.0666    2.9355    1.0666
    1.0645    2.9355    1.0645
    1.0625    2.9355    1.0625
    1.0607    2.9355    1.0607
    1.0589    2.9355    1.0589
    1.0572    2.9355    1.0572
    1.0556    2.9355    1.0556
    1.0540    2.9355    1.0540
    1.0525    2.9355    1.0525
    1.0511    2.9355    1.0511
    1.0497    2.9355    1.0497
    1.0484    2.9355    1.0484
    1.0471    2.9355    1.0471
    1.0459    2.9355    1.0459
    1.0447    2.9355    1.0447
    1.0436    2.9355    1.0436
    1.0425    2.9355    1.0425
    1.0415    2.9355    1.0415
    1.0405    2.9355    1.0405
    1.0395    2.9355    1.0395
    1.0385    2.9355    1.0385
    1.0376    2.9355    1.0376
    1.0368    2.9355    1.0368
    1.0359    2.9355    1.0359
    1.0351    2.9355    1.0351
    1.0343    2.9355    1.0343
    1.0335    2.9355    1.0335
    1.0327    2.9355    1.0327
    1.0320    2.9355    1.0320
    1.0313    2.9355    1.0313
    1.0306    2.9355    1.0306
    1.0300    2.9355    1.0300
    1.0293    2.9355    1.0293
    1.0287    2.9355    1.0287
    1.0281    2.9355    1.0281
    1.0275    2.9355    1.0275
    1.0269    2.9355    1.0269
    1.0263    2.9355    1.0263
    1.0258    2.9355    1.0258
    1.0252    2.9355    1.0252
    1.0247    2.9355    1.0247
    1.0242    2.9355    1.0242
    1.0237    2.9355    1.0237
    1.0232    2.9355    1.0232
    1.0227    2.9355    1.0227
    1.0223    2.9355    1.0223
    1.0218    2.9355    1.0218
    1.0214    2.9355    1.0214
    1.0209    2.9355    1.0209
    1.0205    2.9355    1.0205
    1.0201    2.9355    1.0201
    1.0197    2.9355    1.0197
    1.0193    2.9355    1.0193
    1.0189    2.9355    1.0189
    1.0186    2.9355    1.0186
    1.0182    2.9355    1.0182
    1.0178    2.9355    1.0178
    1.0175    2.9355    1.0175
    1.0171    2.9355    1.0171
    1.0168    2.9355    1.0168
    1.0165    2.9355    1.0165
    1.0161    2.9355    1.0161
