5534180 1963428 2069316 1056027 892813 569696 357390 353303 260307 198245 199689 267489 145578 2934 4567 4359 4293 5120 3768 6449 
2164196 2465354 915548 715235 484241 386943 325862 234215 196435 133331 129197 78929 149634 204897 1878 1738 2134 2000 2262 3764 
2427165 952591 2539341 580006 678461 405424 290625 284914 220045 161344 109418 78261 57934 93798 188255 2649 2448 3569 2038 4277 
1179998 742124 596581 1218632 425429 352012 235429 197021 168682 134015 123039 79541 77776 55714 90801 125618 1289 1640 1604 2050 
1102658 514571 724206 439099 1052111 312750 192636 196511 155025 121907 99895 73382 57317 51510 38800 129969 30960 1838 1153 2005 
670114 416514 433659 367543 302539 722366 253066 177737 141886 112436 103927 76138 67446 53467 41030 36119 131806 1172 1093 2109 
404908 343147 292753 240059 189614 221714 1472855 141363 140719 98474 149399 73454 64598 89168 44901 34949 105813 43466 3063 3474 
417895 248579 301923 203964 201498 177457 138891 469850 115339 93797 85352 64632 54534 51664 40287 30550 29117 103847 977 1630 
304131 194925 230242 174321 157970 142188 139391 114914 512848 82891 78578 59171 48575 48431 39147 30512 27864 95941 544 1114 
228009 139842 168626 138987 122669 112022 94957 92363 83079 277581 59392 47781 41356 37919 29249 24294 22550 37917 41557 880 
221268 135992 113087 128317 99249 103959 140069 85418 77837 59374 439994 68437 50146 51896 37135 32615 31073 25805 75474 998 
275638 81452 79303 82433 70972 74123 73218 63176 58726 46463 64221 203277 45918 46849 31054 27566 26272 21772 67255 651 
146786 151052 58777 81700 58004 67752 65366 53666 47781 41037 48542 46674 260275 44106 30727 28619 24095 21141 62770 764 
3764 200540 90656 56005 49641 52828 81066 51054 49015 37083 50022 46532 46821 332413 33957 27342 28460 26812 25990 41054 
5734 1788 177549 90453 38212 39296 43004 39319 37873 27683 34434 31353 31024 32918 212548 21983 22824 23656 18764 39718 
5316 1720 2523 119790 120978 36200 34264 29458 29322 23238 31108 27130 27750 25713 21551 146015 19980 17460 16297 36997 
5787 2409 3053 1269 29167 120721 99698 27816 25752 21411 28561 25637 23804 27250 21713 19818 200608 22483 32763 40857 
6478 2229 3689 1531 1742 997 36003 89992 84242 33550 23407 20368 20491 24922 21121 16767 20987 226219 22190 43644 
4465 2633 2431 1642 1158 1198 6787 1398 558 34398 64316 60000 56968 22352 17665 15325 31771 20157 205173 43564 
8844 4387 5726 2410 2549 3684 8315 2741 1501 1162 2641 755 926 35758 35057 31741 35526 37117 38437 235721 
