2710576 697127 497151 499097 871599 584286 278757 277931 436756 156742 142769 206183 102421 84862 86588 137602 72359 87606 58529 61933 41302 86030 119695 64695 340 427 917 1022 2386 922 1098 2141 1680 1441 2116 1859 1208 1253 1799 2682 
763235 1363259 574756 392420 259408 354039 292803 206530 129013 170296 128211 92531 94804 75299 70008 59122 56886 43441 45868 31916 39858 32514 24445 58648 116357 28442 696 299 640 619 511 609 601 573 576 567 579 728 699 1269 
570869 606516 969204 316390 168730 274482 233076 163477 96218 151906 113965 80393 83393 62882 64107 51432 50167 36553 41901 27126 34623 27546 22136 15639 19022 95163 54790 246 543 521 473 453 553 460 459 454 448 737 677 1013 
569854 416960 324734 855029 255417 216943 167420 151255 120654 115465 104246 88343 95308 84276 64879 53811 66755 42943 35588 28712 39283 27746 24276 16879 18281 17176 72714 77137 417 397 357 455 518 606 642 442 454 623 768 1306 
1022044 275544 176445 260772 1052374 355475 116330 151979 298436 85199 81690 137041 81790 67794 71775 97756 57094 67447 43425 48785 36178 32269 30122 21223 17301 15738 17288 54159 93618 327 523 989 773 557 1124 1003 508 554 1074 1383 
738957 390644 289185 226218 367751 763732 177026 134691 193135 101689 74662 112042 57781 83306 47753 67610 46858 48633 39260 29882 23377 17587 12996 13926 12836 12064 10024 12687 35472 58485 402 735 611 507 702 740 482 494 906 914 
304071 305265 239890 170808 116469 179446 530925 141026 89144 129610 116005 69198 70431 45622 46788 50635 47731 37160 40209 27493 35216 26021 22102 16221 19002 16911 15009 11250 8589 61065 34566 315 373 271 386 308 393 401 427 482 
347340 223307 173169 158245 161189 139487 144197 402466 107439 99242 97323 69483 71142 48223 47047 52561 45292 38489 36393 29928 35068 26729 25285 15934 19400 22462 16107 13339 10134 11023 82488 8244 383 262 435 511 349 461 480 661 
588635 144731 102990 128874 324785 205682 92247 112542 583735 71942 54836 114262 42861 37024 37955 74641 34183 49853 33760 35232 22284 18888 21019 14295 11328 10158 10779 12339 11372 7230 9536 63472 514 350 561 748 361 291 751 558 
183638 185654 160774 121933 89008 104729 133264 101057 68100 328334 80329 63306 61732 51019 42354 41560 39952 31035 30770 22149 32980 25733 22254 15814 17902 17932 16381 12004 8747 11450 10259 46709 29932 151 326 203 251 250 336 360 
161842 139145 122996 109787 85639 77645 121037 102027 55603 81195 282638 51734 63921 47120 44284 40233 40055 32298 29759 21982 32769 27151 26598 17393 18946 21174 17164 14405 9773 12460 11462 8225 67640 165 155 279 281 265 304 345 
263592 105532 87320 96422 149050 121335 71899 72579 102238 63487 52254 335744 46210 95811 37136 56084 33884 35653 31467 29236 24162 19836 18598 13553 13235 14091 11547 10352 10159 8642 7690 8740 22751 41248 331 407 336 211 885 575 
118479 101521 87912 100325 84524 59206 72521 72059 43135 61691 64050 45861 286639 48743 42285 35397 38353 31284 27015 22767 30821 25898 25433 15089 17712 19724 21087 21994 11074 10801 10289 8794 9124 65629 132 167 312 204 284 520 
101964 82936 67258 87640 70128 78935 47306 48164 37529 47254 43560 68239 48365 1089231 37631 26245 32196 38891 27886 20800 42107 50573 20657 12272 12913 14252 13856 32275 12690 10751 7739 8127 7701 23377 42986 170 1722 827 1345 1346 
104510 78615 68081 68896 75339 49688 48891 48501 39062 43132 43056 37133 42776 34352 214651 30057 30729 25259 22013 19807 26615 21174 21466 13419 15044 16573 15427 14846 10685 12098 8123 8033 7726 7805 59684 131 191 147 318 366 
170151 64642 54246 57372 104930 71941 52471 54107 76780 42524 40918 56351 35930 25929 30063 194661 27688 31666 24858 27121 21622 15935 15769 13980 11703 11213 10440 10899 9810 7279 7136 7259 6519 7068 28525 15498 471 166 248 677 
85708 62350 53192 57432 60106 47223 49253 46298 34474 40246 40394 33939 39164 30373 30374 27586 286258 23484 23746 19261 21739 21470 20253 12180 14795 13418 14550 13953 10127 10243 9033 8424 7677 8272 7822 46598 122 163 205 410 
108696 47356 38620 45661 71935 50969 39170 39600 51878 31367 32496 35362 31459 38402 25372 31586 22983 180168 20575 19309 20305 15054 14682 12053 10535 9831 10230 9695 9711 9067 6742 6314 6248 5670 5526 35992 138 121 207 292 
70193 50402 43883 37764 45742 40599 41248 38758 33671 31200 30508 30867 27319 25331 21790 24492 23940 20730 145073 16202 18212 14605 13192 10149 11243 12598 9849 9594 7419 7605 7074 5813 5767 5603 5655 22593 11653 120 163 308 
72519 34896 27927 30264 51019 31271 28541 30446 35249 22550 22396 28260 23043 19257 19604 26479 19260 19151 15855 100419 13169 13416 13869 10573 9146 8369 8770 9705 8821 5403 6078 5332 4954 6226 5226 4457 29677 94 177 232 
46794 42703 36810 40641 36956 23917 36367 35537 22255 33499 33147 23672 31264 38499 26696 21470 21613 19204 18770 12881 220440 17512 16068 10706 11640 11561 12924 13123 9133 8843 8245 6618 7974 6602 6398 5684 36663 132 167 385 
96091 35698 29065 29477 34167 18042 27526 28882 16807 26680 27463 19669 26841 43466 21021 16226 21935 15077 14493 13235 17846 184182 25805 15858 13358 13587 13123 12720 9669 9492 9363 8386 8163 8338 7583 6134 38583 92 120 326 
125250 25590 23134 24966 30166 13347 23073 26458 18008 22679 27016 16569 25517 20057 20898 15634 20503 14408 12897 13560 16087 22368 114213 11765 13378 15313 12646 14470 9922 8293 9003 7305 7194 7963 6755 5775 9148 29411 122 201 
64729 60060 16053 17298 21334 14461 16603 16301 14307 15978 17099 13440 15231 12412 12894 13752 12078 11734 9942 10065 10702 15062 11696 65612 8877 8350 10452 9280 7104 5740 5502 5754 5448 5666 5046 4197 4368 24331 122 206 
1005 117166 19651 18684 17360 12915 19464 20663 10979 17963 19371 12918 17860 13086 14666 11678 14124 10372 10937 9183 11458 12778 13216 8929 87008 12009 10221 9093 6897 8502 7199 5640 6090 6226 5801 4508 5433 26297 129 268 
920 27684 94923 17805 16001 12505 17214 24361 10232 18828 21570 13892 20265 14157 16303 11017 13590 9701 12236 8683 11823 12486 16248 8279 12120 149138 14645 10159 7415 7898 9108 6681 6100 5680 6059 4772 4317 26724 98 269 
1248 688 53364 71940 17041 9921 15193 16082 10979 17102 17066 11359 22014 12527 15326 10447 14568 10191 10008 8853 13073 12720 12334 10594 10250 18244 112980 13059 8586 6716 6660 6465 6312 6212 5451 4992 4360 10619 16106 158 
1584 244 184 75041 53818 10096 11402 13322 9579 11974 14432 9972 25954 20602 14582 10664 14464 9788 9234 8987 12044 12179 14214 9390 9103 9225 11177 195265 11705 6970 7615 6595 6820 9112 9901 6468 5897 5127 24364 410 
3298 576 506 362 87991 32852 8617 10009 10959 8635 9440 9452 10699 12163 10007 9441 9927 9977 7267 7644 8510 9217 10044 7379 7076 7846 8014 11536 100052 4985 4596 5632 5098 5246 8409 4850 4366 3988 19420 234 
1182 678 511 409 262 56228 60504 11340 7183 11434 12283 8126 10344 10185 12439 7046 9331 8639 7411 5360 7860 8849 8133 5802 8347 7753 6665 6968 4892 102259 6077 5677 7820 4659 5910 4487 7059 3350 19759 305 
1289 523 461 283 452 341 32628 78930 7156 9933 11361 7314 9895 7397 7824 6800 8761 6445 6701 5790 7661 9004 9032 5389 6934 8964 6478 7150 4469 5859 64606 5185 5180 4332 4757 4027 4170 3744 18983 124 
2851 653 503 473 1023 707 311 7912 59890 44003 8261 9262 8692 8280 7798 7037 8096 6021 5542 5206 6352 8089 7289 5418 5363 6497 5833 6246 5975 5248 5182 71044 4433 6037 4841 3835 4822 3561 17815 77 
2644 655 551 604 1046 784 368 414 675 28007 62366 20743 8786 7051 7265 6683 7073 5903 5486 4733 7282 7402 7070 5147 5825 5987 5718 7086 4728 7442 5108 4310 66742 5187 5317 4034 18665 3575 8123 11862 
1879 612 532 728 644 579 249 238 334 138 127 37484 59386 24487 7460 6411 7354 5427 5301 5891 6463 7417 8043 5377 6465 5529 5750 8693 5129 4414 4309 6093 5222 123460 6917 6216 5420 5106 3870 17002 
2644 588 487 705 1043 792 329 368 579 284 134 318 121 35346 50464 25983 7279 4891 5415 4415 5839 6750 6076 4980 5368 6023 5128 9201 7062 5131 4530 4688 5222 6404 123935 6640 5933 5599 5235 17654 
2602 641 441 590 1109 745 336 498 701 178 201 344 194 340 119 13410 40611 31460 20144 3587 5270 5544 5311 4002 4386 4711 4642 5950 4721 4208 3855 3694 3614 5745 6461 89175 5067 5591 4194 16557 
1656 499 425 512 575 517 362 330 350 255 266 408 378 4282 188 820 90 116 10180 23888 30720 33024 8052 4076 5006 4384 3986 4209 3805 7049 3757 4698 19769 4696 5354 4620 112191 4458 4619 17186 
1477 833 870 826 660 679 430 520 287 266 285 239 381 1752 223 161 205 147 193 122 511 59 25946 21928 23507 24072 9121 5049 3631 3182 3520 3351 3089 4217 5034 5149 3959 84576 5331 16428 
2820 865 687 960 1576 1260 542 576 949 423 325 1778 395 2741 438 374 307 246 274 199 316 137 115 155 117 119 13817 20517 16109 17785 16400 15083 7019 3438 4188 3572 4275 4697 77003 20459 
3813 1346 1195 1545 1650 1240 539 753 758 419 415 1166 1047 4201 548 1312 540 408 413 276 1711 477 231 254 240 450 233 1175 524 641 120 134 10145 14923 14978 14380 15076 14382 17152 121100 
