67344785 62833658 50707078 19128899 16530499 13884804 12822426 10120196 7047070 4378617 2725417 2043131 1523425 907195 875075 808103 1188829 1305024 844118 461003 
51464792 69233227 62824041 14851988 10905446 8826274 8714872 6126520 5614091 3278375 1915897 1121083 895001 566886 557692 567591 983713 1791100 1177392 645077 
49193812 65906484 78758925 21560863 15543030 13599737 12019649 7854634 7184991 4791782 2960313 2278849 1409700 993683 925133 682706 787795 958211 484676 235530 
11711559 14269072 19433667 8122087 6167673 6043926 6168062 4142322 4322091 2781403 1747998 1166548 856256 615402 575939 715170 1167452 1572732 1050332 526517 
9747301 10576368 15159041 5968785 5860215 5134759 5180891 3646428 3841480 2423394 1533446 1026888 812628 539447 583268 678593 1049352 1498997 906873 452863 
9838887 9512272 15068378 6606127 5832064 6732475 5688930 3988294 4088784 2774220 1813039 1277012 1022544 735892 625466 702307 1070887 1351336 829424 405335 
7496639 7311565 12161723 5378781 4723424 4721804 6292220 3303142 3376034 2213969 1480955 981663 742413 535267 541772 621296 941337 1369795 983289 534488 
7037955 6210454 8920435 4625361 4198131 4160718 4184616 4159909 3111515 2133828 1351606 972549 727200 559537 576905 627448 959690 1387348 932411 513549 
4834973 4804937 9030355 3799841 3395529 3359657 3059696 2358463 3550747 1792418 1198976 851890 628094 489128 521433 571072 893230 1237323 788783 407230 
4779848 4062579 7121751 3462040 3181988 3219688 2959675 2220324 2246787 2597588 1226218 993147 748881 592900 580653 596153 915010 1251867 780673 386559 
3487398 2848837 5360588 2824226 2468521 2704142 2374234 1702958 1810469 1470255 1853011 787538 622104 475603 476711 607313 946409 1338248 778843 352359 
2210145 1879588 3810233 1937695 1747741 1907220 1762214 1256179 1382828 1102300 818069 1141427 484215 387296 451289 587116 958356 1373118 774531 333050 
1807971 1526815 3036386 1586511 1445148 1563751 1468358 1075275 1218276 974424 721160 545785 905175 329970 428815 557688 987884 1422885 880270 397031 
1544239 1275599 2497175 1298394 1159943 1215878 1096677 798357 886554 708479 557221 442322 371329 707568 416012 527270 957044 1406271 865295 398353 
1875650 1337613 2221175 1272386 1161417 1157203 1042615 781085 756790 631074 505411 416526 342107 292890 1028671 543915 959779 1422927 861953 370304 
810046 664053 1534761 845679 747218 838054 682634 496618 564994 520705 434829 364596 304826 264901 391306 1443193 961020 1355610 837096 370148 
730281 624436 1036153 617701 527699 530967 500340 406998 409872 333802 325569 244980 211030 186107 392868 550606 3481824 1183050 687666 314600 
370722 430214 845310 466116 391859 379114 372006 294807 349912 281679 296911 209088 189870 170308 264360 625823 789630 5019746 780116 330747 
235539 328729 807385 361196 324837 301098 281757 206572 238712 187745 221026 134013 129654 112812 515911 504083 1307146 1705742 4732074 332289 
138987 235359 812642 934141 781136 545382 495158 266087 262334 175405 130596 105422 92497 86314 224494 460649 468734 1060880 656303 2318788 
