250876446 147512010 50147018 37784019 20318153 7805527 3892514 2808460 5268667 3127591 
141080899 127875522 41354365 30184660 19080260 8153710 3875043 2898946 4486189 2297057 
39674844 42802338 23559525 18504551 13127876 5650388 3110510 2589635 4970567 2594496 
28056600 31086287 17804078 17939875 10835341 4786780 2564414 2367422 4658164 2963740 
18482335 23413992 13156863 10598160 10187526 4270242 2459000 2269314 4297432 2363247 
10425975 13932754 8827630 7095588 5765861 4600047 1969216 2122428 4616129 2238785 
6154594 8418438 5384713 4438667 3787726 2266488 2314040 1929783 4774087 2540949 
4687379 5874016 3903893 3002951 2473569 1721364 1204720 3407078 4699327 2439503 
2155663 2965279 1829648 1574150 1375264 1076552 757321 1833650 10474236 2113125 
938616 2915375 1952455 1249577 864195 591059 421277 1705151 4542535 8039459 

