30742400 14969095 11136697 30435668 20325987 11837777 3970812 8026168 5552737 4806915 3877525 4785294 4028597 3478588 3529184 2588717 2254064 1767096 1501208 973071 833534 676579 705844 441887 408815 295291 220947 323047 226542 171610 151753 218005 247031 305325 397615 314819 240973 220794 157375 101015 
14480588 7152702 5397301 15863992 11140068 7403246 2527106 4604813 3613717 2557130 2193006 3028979 2701898 2613343 2250435 1751860 1667098 1358812 1062201 842137 674707 540597 456045 439355 525718 293601 202580 160621 252286 224637 170383 267962 293080 343393 313933 278657 203803 178548 123742 78871 
5602277 2695886 1993412 7580440 5647401 3850041 764620 2285887 1548999 1015305 742817 1536662 1374968 1286974 957081 1021021 1043110 984136 752875 517513 373758 378621 214287 170440 140496 124069 125922 75627 119837 116255 109466 176238 203261 278897 533204 473346 348712 305626 216402 133454 
28497035 14669594 8917474 50741901 34341074 18985525 2677742 9123739 5193878 3147264 2507158 4039637 3387118 2665812 2011351 2137067 1924768 1662077 1180551 827436 645326 518192 396111 340245 339814 290622 202618 162719 170253 151347 115712 166175 212143 289412 412025 372525 274435 248619 179495 115726 
17186910 9285092 6039505 33545372 27449832 16368895 2062375 7613796 4560458 2542383 2245283 3627036 2997840 2472280 1584125 1788816 1738465 1568663 1176745 935170 718107 523941 448314 316863 263613 244358 226450 167525 178580 159656 127443 220199 224792 266602 361856 318682 172495 154182 106654 65911 
14681855 8039955 5775208 20546399 18407700 16532498 4469353 7415339 5213901 3226288 3407235 4320183 3531887 3017642 2243888 2237805 2092007 1785856 1424226 1255641 955895 762370 649087 864585 503962 397767 327729 271979 308577 278320 201729 133335 135129 161272 149933 127740 84536 73463 40588 22377 
1855302 1016572 877313 2360130 2555159 2795261 1042128 1698457 1413277 910697 1101354 1439584 1383252 1329055 826923 1042545 1044909 1020490 768900 573046 452470 377637 289463 275181 234223 172950 152684 113267 135665 122059 116595 324647 353366 421722 570167 427983 286052 253121 169005 67405 
5775909 3063776 2356662 8674967 7765498 6317749 1273920 4107582 2361239 1482460 1405700 2097288 1895149 1560606 1096006 1176848 1167536 1089156 805219 634238 498818 419073 341098 260806 229408 219675 211712 137739 171788 146427 124096 149832 178603 213761 300396 274186 253050 258109 158042 132065 
4518471 2446578 1882219 5340085 5238417 4739614 1194772 2696398 2517428 1306086 1493042 1785547 1658220 1507555 1043111 1147192 1126459 1055390 780888 623546 480296 428308 329047 303104 245952 265452 179428 129307 179801 165018 146503 250829 272851 312245 297676 259877 154178 134092 86163 56409 
1815046 967206 764843 2589221 2624626 2556384 553672 1523943 1153526 883175 745469 1110701 1034354 980762 634517 821608 814958 844673 597321 421639 330931 293911 213390 181347 155653 145571 124837 105875 121000 117449 113037 168224 189004 275252 493547 447897 322036 296567 199526 110765 
2920149 1642121 1225448 2926595 3323508 3707640 1216900 2064433 1810566 1158079 1968155 1529337 1507840 1454848 906953 1153472 1120663 1114543 808300 677087 504424 450219 379398 347780 321684 282531 225122 184876 176176 163415 151397 240501 264802 334788 405313 322081 221397 197277 121890 62960 
3457779 1818838 1436207 3924022 4039055 3998175 1026328 2298466 1706851 1156568 1174533 2060450 1470394 1255848 911115 1016754 977217 876361 685697 603136 468821 389575 307399 242435 234848 183481 214570 111324 149790 136085 124242 186167 206630 264667 341303 282639 216898 193852 122629 97856 
2599790 1430384 1090048 2902767 3287925 3360445 932241 1899086 1513588 957243 1152401 1353895 1879453 1262336 741396 907397 860165 877510 650716 510208 408254 364933 280468 241783 211895 183248 158576 122211 149971 135157 127383 188629 205479 257363 365973 327131 258248 239649 152173 103938 
2248991 1217474 957105 2361645 2660623 2852730 862188 1685266 1345072 907521 1014921 1200587 1272678 1877753 730667 923682 808063 830296 600412 452633 381397 326371 246513 212899 183913 163357 145308 109172 130209 126435 127610 177674 207633 270862 371328 305363 238206 247186 164675 113702 
1660318 917406 755245 1686056 1848620 2053521 644340 1246343 1036681 711095 880453 984836 958914 927777 881043 744725 737842 727595 584673 489796 359468 302794 258215 240910 216505 162726 185026 116442 135770 141529 118623 180545 221483 251261 365509 338839 262410 239398 167629 117501 
3006887 1453344 1331942 2437211 2494834 2523460 997942 1736736 1363534 1086821 1040318 1255111 1196806 1101119 941358 1592783 821129 824949 566154 493205 374187 315157 257833 215591 194921 153048 152992 105077 148438 151168 122290 205990 215514 271432 369979 313021 229737 200866 137356 91063 
1663240 966000 695548 1809211 2205382 2494214 639005 1337878 1097900 677989 855493 921471 859045 748043 520247 667266 1125127 672443 505523 432589 325381 286217 251051 188703 175877 141714 145297 105228 139691 131068 110724 173518 202502 247936 328863 285440 219474 187981 126602 83204 
1397996 807737 608048 1692130 2016994 2313765 595854 1227104 981044 638596 781035 801658 777791 674817 480756 690194 623373 1129804 479017 375289 308023 279355 227963 184173 163582 146921 138647 99956 126300 124374 107018 179812 201735 241057 335066 287954 207564 173764 116323 81101 
1555184 887157 678026 1426445 1747323 2045109 649731 1111233 960222 645496 828027 811356 785634 694428 505939 607091 594043 577251 916524 481838 337984 297851 325283 219792 207045 154185 203214 110453 184272 145274 112131 183130 183807 230511 312970 275809 202870 176868 114790 76145 
1533150 804357 713940 1244168 1541905 1787414 627852 1073224 901692 674578 787418 792887 775152 704461 526944 580350 557342 518151 433322 765904 313570 276813 248445 199627 209932 177719 179551 99682 129551 121556 105700 195192 221586 279106 364905 298183 211262 189673 116227 79397 
1230362 691210 534041 1011031 1275991 1558294 605598 883430 770282 507501 679972 681877 643506 592321 403497 492571 477964 473219 381590 354497 714522 253319 194253 174386 164056 122734 117545 92149 123990 116514 108291 195981 220771 274774 362543 294253 206123 175682 103723 68615 
995415 570411 457191 846574 1109701 1416602 582919 752279 702062 488676 745968 596325 582877 555530 353502 453388 427894 431392 353590 380578 299404 585766 211778 207121 198506 136808 177898 88011 118521 117686 104761 198280 195382 255482 373637 307815 211502 185536 110610 69411 
908284 452367 405058 718792 892847 1115647 383953 669735 565526 400320 524321 510700 502242 445602 326812 375318 371601 359923 294845 291839 222078 204631 482089 148825 138376 109714 110496 106677 134435 111982 95830 175503 189773 251203 348689 276160 197520 178069 107263 69599 
515571 333923 226430 529308 760965 1040774 347491 536516 481528 300367 444036 428163 436699 377671 229038 325011 318468 332836 265891 249725 200834 190526 151641 358872 132773 103352 100464 69659 101364 103508 97907 217876 231732 285648 423193 325076 217436 181506 96369 59819 
741183 419607 344204 591247 754340 962018 388404 565834 502572 356118 477932 456962 455252 413016 294594 349688 346432 341469 287938 270368 217660 192406 156534 150221 342840 117192 104884 73238 117416 115530 96510 187984 225991 305622 413915 322634 223624 198359 117560 71621 
402427 244754 174089 417275 569487 750541 220260 412013 360224 226234 304325 324532 314616 285474 186655 244338 259547 270828 223174 192944 157728 153366 125187 113843 106165 338978 87858 63990 96586 99283 91966 181228 198507 257764 364922 321414 245017 213270 125501 82349 
396203 246511 178822 408170 571652 767736 244710 409008 368519 225129 345855 306667 289940 261649 164276 227409 241942 243296 199822 189428 149801 150249 129341 114427 108876 99182 339227 66652 102875 99298 88350 171875 194679 266035 373505 306738 222041 200810 120394 81820 
605401 296124 262335 426272 523630 634157 238659 406017 326910 239385 260245 303111 289194 255894 199011 207661 205644 195672 166445 152784 126692 130479 107802 90752 86906 76365 74741 226948 108201 105638 88496 178549 209052 287278 405972 320056 231021 211423 120805 75334 
547246 311712 235383 377241 498229 621973 240327 362928 333624 232153 284863 292144 287850 239040 176396 203782 199646 192553 164914 159494 126483 128618 117252 93839 93004 77696 77383 70565 326794 107809 84454 191944 214932 272472 407105 334692 229486 202625 116028 64351 
672031 344661 302160 422829 503762 597211 287308 381823 339741 255899 285112 295084 276866 238859 198027 202880 193742 170849 154162 152504 124616 125694 107472 97963 94584 76823 78149 66793 217912 376156 88849 178668 199970 272405 366157 314973 229138 200704 120509 69416 
279011 182384 129452 242547 358115 530390 212179 260377 254020 164600 271353 209678 207688 174679 107764 155920 151975 152188 131477 143009 114937 116607 98729 94663 86352 75326 76713 58834 85784 149429 349787 197907 220706 286740 389452 330809 236534 214918 118936 72722 
212322 136329 104301 187753 275545 370711 177339 195784 188652 139946 193738 163285 160578 139689 92137 140797 127655 133176 113235 132984 97332 105953 85734 85470 79954 63194 75140 54214 74257 81836 74595 820904 201853 251721 343117 292232 206768 178876 111626 66864 
371022 164514 181804 249081 265359 296744 172793 214680 177231 155416 159662 179808 169349 150146 129999 136850 121802 120994 98277 93541 81462 95964 75570 66272 61329 56430 57280 46403 67477 67557 67679 268746 1353953 271059 330240 263742 192004 156475 101586 63839 
121100 73645 64769 128782 181883 292167 99025 131203 110488 84564 94921 96576 94204 86641 59513 80636 79279 87797 74417 67567 61244 86899 52442 50696 48622 44649 44259 38165 129481 128353 68106 146075 108555 1748257 333758 255310 184407 154780 95246 53929 
126437 70252 80562 145989 202633 254073 110708 148582 116270 101028 102469 106547 105652 102425 69212 93221 94519 102739 85139 74157 68746 107025 62125 57999 55190 52469 52130 45155 73698 64292 67497 226899 154925 229791 1914807 368504 205087 170068 114496 63885 
111727 62306 70006 133657 178233 210371 82523 124303 91918 82643 79743 90355 85964 77965 57910 74464 72629 80025 65727 56656 53579 67561 46447 42517 41050 41161 39342 33681 68155 58215 55920 275507 220063 184851 554326 2182109 243374 161587 97807 54559 
87330 49100 54946 114917 153889 212580 62716 113844 89289 73474 72566 114470 85945 75528 53341 69752 68818 74130 58323 54129 46212 71410 44293 34220 33580 45558 34140 26927 153799 142230 57316 313987 282338 350367 241742 519241 1863772 187792 94346 46675 
65081 34028 43994 114872 182347 258569 42714 141922 97070 65004 44537 69525 63698 56586 38591 44888 45304 50460 40990 34303 30638 72766 32735 22765 23250 27266 30383 21362 68651 151231 76446 56334 278966 395475 552462 392297 595689 2084821 138814 52454 
45199 24340 30473 78569 122730 182961 31481 101819 73781 51244 39139 77200 58378 55427 36833 40039 40346 44005 34924 26913 25453 24426 28948 17798 18534 18087 18236 15677 121218 17456 215429 64406 156104 217194 272431 398890 256026 165668 1018186 66161 
45557 23891 33749 92568 133098 373853 19214 781627 464953 191158 85417 343626 229164 152189 87223 101992 91668 86315 67286 46282 42865 37852 32399 26277 27124 28752 29353 23048 35958 49862 159049 21765 19811 75625 371684 17875 68913 165696 466548 767893 
