2518416686 168138837 14456191 10563234 15269470 13035101 10820831 9764863 8246067 8767141 9419931 4651264 3939630 4679984 5121392 4931709 4911668 4887083 4990379 5808010 
1409967774 342635585 2784702 3421645 3822602 3278126 4164602 3245376 2942955 3091648 4834347 8489355 6537591 7763265 8372928 7688131 7196762 7266576 8058611 7540802 
106678342 5767096 7201780 567675 680536 419872 310444 412851 319589 385228 356322 198430 159075 186741 204043 194651 175523 192966 226505 291421 
102660576 5825114 555824 5674015 530566 373591 216507 187813 208891 196669 388063 360073 303121 290213 231135 214393 178648 216854 222673 301302 
113493641 5907536 688641 570411 6871138 391240 213733 211096 218851 183332 245383 185184 173631 232586 354037 347402 319083 265713 240490 296648 
107444889 6086611 478362 435075 420676 5860945 286051 230021 243670 250876 248729 235048 233307 229222 266260 230961 204803 371885 369395 397757 
82805357 5501522 220266 188434 200302 230960 6281465 383925 232796 335143 366340 347070 234476 312420 256609 354618 293937 267550 280063 297575 
86332294 5621640 265950 171712 173297 216529 416064 7713183 343913 321144 789392 344300 282144 292935 385848 286528 421210 280221 371955 376119 
83899090 5360275 238311 173051 183883 212026 292811 374049 5670890 290892 655296 351788 229696 240765 287874 351310 247375 342983 292638 229937 
91045860 5402067 270014 193593 191737 231496 453958 329097 248641 6460990 288660 312140 262145 247564 279934 299651 247931 274418 290878 262015 
89592621 8294021 303810 281579 252850 212045 399402 814169 587072 258520 7732111 460927 298958 314942 274124 395861 329389 334575 333462 306907 
76004021 14336385 172110 292189 263648 192097 382634 303129 338118 299491 489503 6502746 261980 299580 231844 323168 338587 327248 300828 291389 
64339655 13210423 145168 284458 218003 206219 315134 299033 280610 265478 316343 287066 5690437 263245 261732 277929 241215 294908 268443 238924 
76081499 14020415 188188 239442 249340 214420 378311 291004 244545 250480 349152 343447 255236 7699941 288986 297582 260704 260277 255870 261914 
78728090 14783875 188076 217132 305289 235225 303174 392134 254316 279974 296788 238784 242479 274902 6078401 318761 312617 280678 261797 250594 
73761187 14370120 187571 192662 277108 214219 422111 282274 309557 300532 425976 315392 271320 281688 307555 6437707 316868 379665 392036 258651 
82249039 14149902 172088 195437 302823 197706 350487 355282 232990 235886 356115 295312 234065 294499 275099 363870 6119474 261635 326668 278747 
80868183 15194548 172962 215526 221426 288507 365216 312546 367630 295923 364338 348205 321160 280674 309010 414226 268355 6455647 440475 294756 
87536919 14863928 169194 193086 181907 303981 398735 374973 251433 307793 342575 323288 246167 269636 265792 401618 314356 424965 6923802 244959 
77500301 14359233 278370 314460 303581 365170 357233 336427 257037 298824 343996 308669 265572 286387 282400 349636 289576 294598 281374 6094637 
