1429204274 67006032 57690507 41452066 7655839 4536673 5373100 3351811 4681042 8474997 5496511 2173191 1874438 1484471 1765589 1409138 1416375 1373573 1341619 1507195 1587048 1805501 1370218 1576470 1303845 1211215 1515739 1276627 1595145 1566494 1417068 1721078 1647001 1405540 1614076 1357583 1540205 1804993 1554718 2258637 
817770918 204435468 41836862 27159411 1250713 1012966 1282102 556221 935062 1178367 1061708 4303692 4489664 2972259 3373672 3216464 2613087 2843032 2843054 3075273 3554659 2472723 850160 854416 796457 628113 1149274 738336 885398 1074363 852375 941188 791890 1067237 801132 1114291 830379 814801 1060720 933934 
821376550 38801244 181420979 26029970 787337 823614 1383589 674673 1181201 1030497 815672 855954 1466759 925850 948265 902786 889835 864451 822328 926207 1112798 2222444 4060626 3158818 2729404 2625222 3923351 2635170 3272725 3572166 2773323 3548328 2638464 1431896 917110 863485 943478 888473 983460 972994 
521766809 28023151 30689790 104494857 659232 514519 957677 405706 741793 869108 796833 809670 1053374 718619 763458 630867 604168 584501 629416 713697 722238 776867 650269 619641 658914 524052 638253 566488 823445 704593 627802 738680 594143 2532242 2787783 2698215 2876648 3350012 2895238 2689108 
47580125 2079864 1447722 972625 3894686 138244 147456 117712 187667 167380 150197 76475 100329 88262 162232 158915 132653 66935 46954 54503 41788 53692 46931 53693 42257 36515 48714 47436 50217 58520 48768 48405 44787 43234 47708 48333 56035 56959 59860 76127 
54467220 2551139 2042604 1304145 161478 3007372 142350 160157 159759 165730 117765 75435 62838 59015 40805 50899 61595 58406 120440 163331 196201 64641 46267 51539 41445 38858 45093 45498 45406 49899 49517 47962 44400 43102 50088 46837 57458 56053 63119 92315 
42581340 1420869 1877767 1000436 138169 138070 3074878 112718 134334 131984 121956 80665 57500 50432 47197 44873 40863 49767 47584 50437 46859 192440 103903 156362 57893 47985 47527 56137 55453 59359 58677 47878 46144 42376 53501 49721 54432 61735 51258 108076 
57347179 1311183 1966332 980579 125229 154356 127091 2359328 153584 110664 103164 67806 61414 47161 41141 54602 62288 55973 43989 54659 88330 60434 42427 57381 87422 109821 132370 54179 57162 59161 54606 53232 47810 42318 67186 46446 47162 59344 59587 82376 
52991705 1494118 1969441 1033411 189923 173519 153955 131818 3007474 160670 109456 70583 63494 55201 45476 53631 54120 44393 46348 50987 93733 61423 43536 51501 46314 45511 46267 105093 123390 108878 83513 56422 54697 46729 55520 50751 56933 70799 60388 93640 
57575252 1432567 1774393 1130292 163319 161880 156727 127911 169119 3533872 123340 87864 52560 42478 38403 73586 72501 47837 39250 46747 40586 49641 40785 49362 42408 39398 42554 38672 51000 70768 99192 108276 102568 115088 106328 53114 57028 55730 51898 90722 
54858209 1773932 1601582 1583739 154931 137215 150754 117025 138335 126995 2695486 74961 66138 48468 41251 53289 58062 46011 45927 52646 49909 55533 47498 53571 47415 76095 46881 45537 57925 59799 47168 47626 55701 45911 100343 146845 98954 137326 71888 79827 
44516875 6295873 1685289 1216001 81052 105164 97159 70137 75991 79354 69658 3020841 98378 73062 63480 72001 68700 70897 80937 71366 67703 75584 62479 71500 58620 51177 75951 60853 81170 67366 59794 76373 49978 53214 61437 63260 65678 67437 143837 102205 
34753758 6202017 1690758 988055 47309 46198 64314 32804 61706 45917 45846 76391 3287492 78041 93870 73308 53998 73687 68833 86563 138214 74223 135886 70086 52999 71964 63613 131074 77497 60647 75800 104046 52808 101982 68955 59112 68046 59884 76356 88617 
35673937 6175646 1790975 1031734 81849 44910 60148 31168 52590 40089 45575 63143 96712 2819230 158281 58466 61967 43144 62968 116779 71297 82606 83461 57637 61313 48200 55482 62251 54484 63981 94941 79831 57114 82033 68422 71061 94766 57367 64933 67669 
32487010 6416609 1778488 1035211 110182 34956 58274 28390 48650 39823 40548 56649 112804 156906 4658826 69336 63690 147818 78477 100157 513643 137957 143576 74815 111614 67760 92585 85277 133130 84096 51943 88699 116657 165081 99270 64546 82473 136047 153149 90951 
41248587 6180014 1779564 1028377 82743 38069 54509 30539 45741 39083 43222 76110 82996 63358 64885 2920136 73114 59290 70673 71837 68257 69535 55737 70172 61302 41468 52662 62411 86421 82201 65061 80825 76329 63143 57803 58602 90736 62698 75976 56044 
38140773 5841890 1795292 1099174 73388 38952 52660 27473 48101 38293 40732 56995 75224 63155 60435 82078 2571966 61657 92630 60511 78214 47235 46392 72067 52429 39976 43008 59682 48561 110925 84723 91601 51940 58855 103675 59493 96182 61881 47970 50638 
34192983 5723497 1550848 914961 65122 60849 60895 32023 51251 46238 44682 69617 108239 46193 163989 67547 112851 2924417 79474 58277 448437 81410 102761 130568 67401 69890 53548 84527 68960 59428 77205 97781 51910 84670 85366 94449 75105 59470 80498 50831 
40229203 5892048 1741051 1009290 44903 87723 62533 35353 51250 43727 41310 86800 122102 76134 84103 77742 69172 68749 3009577 85432 77388 66207 71783 94081 60766 63535 62011 54255 87569 54745 96454 61067 56956 58346 74323 82732 116500 52361 74383 55956 
38651110 6273520 1661168 990558 55596 81792 59344 36363 50604 46156 45789 57597 124325 131397 99313 67939 58130 52590 80180 3285801 70972 74093 63065 83211 65649 72195 67461 63836 68555 69066 61667 80463 48650 83979 62217 55146 61396 60621 79167 52509 
36829283 6396273 1865254 1082161 41954 161424 60964 75138 96647 42896 38755 63672 146275 69438 526224 77442 65575 387083 63750 63959 3980171 134359 173177 121571 64727 95682 45292 149509 91903 51975 50612 162266 70960 137742 74513 87552 82720 87284 101708 61136 
42224434 4142631 4232690 1113905 48043 52389 101685 43792 67716 45591 49193 60425 96172 87517 142698 67805 55582 78832 72164 58647 154702 3462879 93959 72220 76121 62428 61878 58263 59970 70276 109350 73633 54280 66407 69787 102723 101401 62057 71757 72306 
35510895 1687524 6314656 1008877 41115 44437 102588 31686 49462 40802 37678 50688 144478 80051 125328 57765 50143 100723 65108 60978 195987 97483 3354740 78380 71510 77732 47850 136775 57631 64006 90717 86548 52463 146165 89226 115966 109347 57046 89696 66326 
37215256 1590346 6039907 972955 40190 46368 121856 36059 49413 123971 46935 56796 93288 64817 66122 53914 68643 118609 97215 76190 131211 64822 72185 2997441 55045 57693 55911 59044 54723 55483 68707 77197 60107 79851 69072 52984 74669 59766 79262 56105 
33178963 1450296 5980351 949926 40241 36793 67436 69730 68724 57611 50836 54122 100624 66141 88132 58667 105229 56772 59652 69305 56473 77983 74238 68373 2694257 62661 49885 83148 65886 69584 97790 63770 69664 61821 69213 91381 100933 56793 57084 62778 
28359500 1350792 5440161 839986 35554 32580 66341 80951 48190 43478 50926 50335 94892 53477 74509 77725 49563 69046 68007 68514 111042 70845 81582 62873 64749 2868770 72285 57927 64979 61281 57002 59369 51973 57758 62291 72023 48708 62009 54535 64527 
38644527 1605376 6442865 980712 56683 44877 65425 76663 52681 54891 58463 59129 99855 63619 88014 64072 51825 47403 70140 72247 57905 55191 62077 68984 53114 73060 5021134 72077 72686 62803 59491 64685 55086 58378 73134 56032 55859 65461 73967 54187 
34346905 1484796 5686627 910212 40204 46424 60673 36681 101619 40149 42443 54385 147238 67599 79443 59475 56847 88470 49411 58682 174705 61351 140230 72156 70332 58730 84605 2522125 73364 80132 70185 103221 69301 77939 81341 49770 78503 56047 74947 58812 
38835098 1568904 6289487 989484 57119 36828 67991 42322 110198 43290 44593 70193 103099 56355 145638 82145 48220 53901 79709 77845 94542 73281 59547 60544 59395 61878 67765 72198 3041395 62878 57985 67476 72508 83431 60449 61602 84188 58360 71313 62874 
36731772 1592314 6512231 992673 49735 44394 67430 39389 89030 62771 56989 63450 78199 65521 79820 84531 98369 53826 60005 62415 52725 76240 60518 58175 61049 60157 64063 70875 57483 2916647 86673 106627 56194 100484 74357 84270 63476 55773 54658 61750 
32748627 1577055 5922365 1039979 57392 48977 73376 34062 80671 69953 45841 64729 100853 108331 57026 68702 88895 65836 103202 67240 60908 103991 88254 76123 90300 58073 63198 70828 68561 87944 2913917 100163 79940 78348 117598 117461 168297 85615 71885 54710 
37828620 1606885 6397079 1010681 39576 41626 55746 29478 44451 82033 42837 60812 133504 79423 83166 73380 67315 87511 59529 70561 182380 78697 80765 70250 48701 74246 60200 87462 57002 94048 85917 3337710 55575 103005 78593 66013 73661 64463 77894 54162 
40184591 1492738 5768254 946257 37025 36497 60551 28130 54997 102276 44098 50655 71886 59722 84896 73386 53675 41621 50565 53767 70629 53402 55870 64845 68610 52638 65060 81325 71033 58691 80294 74566 2682798 75024 56468 49051 97259 70150 55780 51420 
38883883 1687795 2944579 4490777 52695 45871 71097 35659 55331 90219 50970 51983 131868 87011 136139 60861 56713 80981 55157 76397 163079 69005 86815 87782 62567 50250 57847 90267 74390 70985 83042 125968 79605 3282015 92504 63612 85468 73791 114965 56581 
37384928 1714471 1908349 6008558 44167 41761 68781 41023 57081 60727 77313 52539 100524 81318 97835 65255 109717 86290 80821 60035 91690 74349 82665 76563 82872 65037 71653 91005 58054 80861 102239 101250 57382 86719 3215881 116895 119988 69708 77022 56037 
40118081 1650512 1806170 5471522 50264 36770 69075 36647 57670 45946 93218 65439 102900 80474 83294 66162 75367 96256 91306 63761 89922 108377 119218 69759 99430 73821 57371 60645 73198 96896 125511 85227 50736 73518 133162 2989741 188076 62703 92629 69066 
38230045 1550564 1676493 5560387 40925 34137 63686 30725 49088 38143 85737 68222 119537 117951 84011 93283 85636 71794 138762 56934 102229 96454 108862 100271 105282 46703 72977 80924 87864 66036 170832 88601 90464 81185 134603 178972 3415872 64389 71743 54760 
46298522 1458004 1524715 6102333 52118 42014 63655 35020 49685 44991 85248 64774 100197 61050 133098 64581 48807 45196 50910 61187 83132 60760 56119 58036 50480 43702 63120 52615 58460 53432 76600 65585 71581 71126 61951 49439 61878 3381663 62802 55654 
36970324 1853106 1852013 5811732 61604 57471 73823 33624 62490 53050 71633 110401 104030 84035 139726 75747 55801 77069 75551 70637 118289 75380 82830 92115 62339 60579 87875 81785 80910 67137 66226 98419 64579 106810 85932 84181 81836 69882 3076654 60078 
37150688 1526182 1652448 5043037 85759 73536 123383 83630 96488 91553 81204 101932 86613 82547 61005 59949 72339 51828 84230 68406 54470 95857 71323 62401 79662 62992 56210 60517 67906 66447 119203 65788 56644 61543 62274 62211 60672 68984 69581 2888276 
